1722 1727 6.2
1727 1732 5.6
1732 1737 6.5
1737 1742 5.5
1742 1747 5.1
1747 1752 5.1
1752 1757 4.5
1757 1762 5.2
1762 1767 5.5
1767 1772 4.6
1772 1777 5.5
1777 1782 5.2
1782 1787 4.2
1787 1792 5.2
1792 1797 5.8
1797 1802 5.5
1802 1807 4.6
1807 1812 4.5
1812 1817 4.6
1817 1822 5.4
1822 1827 6.1
1827 1832 4.8
1832 1837 5.1
1837 1842 4.5
1842 1847 5
1847 1852 5
1852 1857 4.9
1857 1862 5.3
1862 1867 4.5
1867 1872 4.5
1872 1877 4.8
1877 1882 4.5
1882 1887 5
1887 1892 4.6
1892 1897 5
1897 1902 4.6
1902 1907 4.6
1907 1912 5
1912 1917 5
1917 1922 5
1922 1927 4.7
1927 1932 5.2
1932 1937 6.1
1937 1942 5
1942 1947 5.3
1947 1952 5.6
1952 1957 5
1957 1962 5.3
1962 1967 4.8
1967 1972 5.1
1972 1977 5.9
1977 1982 4.8
1982 1987 4.9
1987 1992 6
1992 1997 6
1997 2002 6.7
2002 2007 6.9
2007 2012 6.6
